0.398282 0.420421 0.424498 1.243201
0.285388 0.404130 0.331411 1.020929
0.302498 0.301478 0.231465 0.835441
0.299445 0.715780 0.506776 1.522001
0.361589 0.468391 0.345811 1.175791
0.355759 0.340496 0.351707 1.047962
0.510833 0.764435 0.306598 1.581867
0.318406 0.384293 0.274848 0.977547
0.366118 0.552063 0.283606 1.201787
0.235036 0.204450 0.343423 0.782909
0.326413 0.488490 0.474318 1.289221
0.341249 0.653510 0.696888 1.691647
0.320728 0.382406 0.349657 1.052790
0.370675 0.600206 0.565704 1.536586
0.352715 0.312369 0.439716 1.104800
0.247007 0.316236 0.215704 0.778946
0.400414 0.489063 0.298598 1.188074
0.371150 0.450327 0.274483 1.095960
0.364592 0.522352 0.321192 1.208136
0.303850 0.269249 0.134223 0.707321
0.337146 0.281281 0.218118 0.836545
0.236775 0.205524 0.384731 0.827030
0.312924 0.299755 0.289658 0.902336
0.264126 0.246123 0.424090 0.934339
0.318333 0.339724 0.447563 1.105620
0.297195 0.411451 0.404068 1.112714
0.296173 0.290265 0.240610 0.827048
0.321551 0.365511 0.343969 1.031032
0.251046 0.389012 0.401413 1.041471
0.413423 0.438179 0.360142 1.211744
0.370091 0.884043 0.826116 2.080250
0.271789 0.215856 0.259354 0.746999
0.255668 0.427996 0.264346 0.948010
0.241230 0.271175 0.342347 0.854752
0.308773 0.277567 0.225721 0.812060
0.313474 0.328805 0.281544 0.923822
0.396237 0.665333 0.294652 1.356222
0.341170 0.287762 0.449147 1.078079
0.299608 0.410694 0.305222 1.015524
0.346220 0.475977 0.290088 1.112286
0.309326 0.274991 0.250064 0.834381
0.312471 0.407331 0.336657 1.056460
0.357381 0.348340 0.330041 1.035763
0.322581 0.381972 0.459325 1.163878
0.261515 0.292573 0.249287 0.803375
0.325144 0.414644 0.327272 1.067061
0.416559 0.491823 0.345803 1.254185
0.359189 0.251089 0.268278 0.878557
0.311290 0.516346 0.375190 1.202827
0.341157 0.336541 0.326854 1.004551
0.283349 0.304515 0.285276 0.873140
0.346145 0.556452 0.427015 1.329612
0.386957 0.524554 0.401856 1.313367
0.335491 0.464350 0.463185 1.263027
0.281033 0.202245 0.389295 0.872573
0.437702 0.634051 0.528379 1.600132
0.347734 0.522525 0.298349 1.168609
0.406881 0.689728 0.497981 1.594590
0.285007 0.394689 0.306493 0.986189
0.323556 0.232293 0.400543 0.956392
0.369507 0.507614 0.540636 1.417756
0.289068 0.200338 0.205286 0.694692
0.418024 0.553376 0.494523 1.465923
0.267584 0.724500 0.398651 1.390735
0.272728 0.251895 0.267290 0.791913
0.373644 0.306645 0.171313 0.851601
0.289740 0.517228 0.592918 1.399887
0.413273 0.507171 0.480371 1.400815
0.345783 0.316564 0.289409 0.951756
0.361716 0.460104 0.296755 1.118575
0.350207 0.359508 0.348123 1.057838
0.251895 0.323396 0.488123 1.063413
0.352500 0.633726 0.483992 1.470218
0.317724 0.222025 0.275579 0.815328
0.342268 0.489894 0.361428 1.193590
0.373365 0.381697 0.214126 0.969187
0.235250 0.399253 0.361289 0.995791
0.297680 0.284608 0.295804 0.878093
0.317917 0.217227 0.240763 0.775906
0.312839 0.263049 0.420395 0.996283
0.356981 0.774891 0.695118 1.826990
0.473937 0.436933 0.402725 1.313595
0.330547 0.248948 0.310739 0.890235
0.339388 0.351141 0.306257 0.996786
0.276714 0.316033 0.345551 0.938297
0.422027 0.389543 0.502390 1.313960
0.312907 0.531376 0.497194 1.341477
0.354682 0.398872 0.362347 1.115901
0.229490 0.267399 0.205076 0.701965
0.382589 0.492045 0.370400 1.245033
0.272190 0.161014 0.303146 0.736350
0.347838 0.426717 0.359218 1.133774
0.283066 0.305260 0.376938 0.965265
0.260131 0.398819 0.257190 0.916140
0.301800 0.362852 0.332980 0.997633
0.341800 0.327965 0.361110 1.030876
0.316448 0.363550 0.370122 1.050120
0.302880 0.465014 0.351029 1.118923
0.253427 0.179917 0.199668 0.633011
0.252107 0.360931 0.366684 0.979722
