0.441943 0.090368 0.176530 0.708841
0.429921 0.123439 0.206482 0.759841
0.452069 0.224880 0.137760 0.814709
0.447006 0.134173 0.180469 0.761648
0.425785 0.217838 0.202614 0.846236
0.437651 0.172282 0.086099 0.696032
0.441157 0.213686 0.363501 1.018344
0.445153 0.218902 0.293300 0.957355
0.427966 0.206160 0.317162 0.951288
0.431018 0.180996 0.209488 0.821502
0.439022 0.206517 0.220945 0.866484
0.430029 0.149125 0.259406 0.838561
0.423741 0.176730 0.181663 0.782134
0.436718 0.167087 0.258054 0.861858
0.439881 0.160546 0.198845 0.799273
0.428631 0.163305 0.217888 0.809824
0.442681 0.287721 0.292297 1.022698
0.461499 0.142641 0.267466 0.871606
0.431156 0.164751 0.151911 0.747818
0.443934 0.136791 0.233736 0.814462
0.429268 0.274969 0.229009 0.933247
0.431121 0.202620 0.198784 0.832525
0.468777 0.125313 0.159214 0.753304
0.447380 0.204283 0.148889 0.800552
0.437550 0.149796 0.197176 0.784522
0.441365 0.135120 0.213927 0.790411
0.439883 0.322957 0.130259 0.893099
0.436635 0.154494 0.113478 0.704607
0.439800 0.139238 0.080558 0.659595
0.438739 0.183902 0.185981 0.808622
0.453042 0.187122 0.262901 0.903065
0.458192 0.138014 0.150164 0.746370
0.459700 0.212418 0.182045 0.854163
0.432390 0.245225 0.279722 0.957336
0.438018 0.217043 0.251689 0.906750
0.445344 0.167885 0.214991 0.828220
0.435606 0.120462 0.217642 0.773709
0.435951 0.227644 0.217278 0.880873
0.449117 0.208014 0.168306 0.825438
0.435207 0.117267 0.125666 0.678140
0.453770 0.255568 0.196142 0.905479
0.443256 0.197125 0.192302 0.832683
0.434445 0.080053 0.150993 0.665492
0.448359 0.148524 0.282435 0.879318
0.445994 0.094365 0.209581 0.749940
0.444856 0.189916 0.061719 0.696491
0.424014 0.172401 0.196567 0.792982
0.435537 0.116039 0.237000 0.788576
0.448944 0.135175 0.233389 0.817508
0.443234 0.163133 0.209751 0.816118
0.432858 0.208273 0.319192 0.960323
0.449322 0.091215 0.261760 0.802297
0.444328 0.177767 0.359202 0.981297
0.436097 0.208158 0.289939 0.934194
0.452418 0.209342 0.255797 0.917557
0.453616 0.123165 0.170159 0.746940
0.453944 0.225491 0.247331 0.926766
0.426442 0.254868 0.221343 0.902653
0.435586 0.173990 0.212201 0.821777
0.433925 0.199770 0.389141 1.022836
0.447068 0.289498 0.214507 0.951073
0.448273 0.097201 0.211921 0.757394
0.452281 0.290162 0.173282 0.915725
0.452230 0.147711 0.209393 0.809334
0.443953 0.194619 0.243959 0.882531
0.428866 0.205998 0.273712 0.908576
0.448042 0.131106 0.168379 0.747527
0.436715 0.358585 0.197865 0.993165
0.436618 0.194765 0.171543 0.802927
0.436484 0.245843 0.239536 0.921863
0.449735 0.206212 0.201133 0.857080
0.444611 0.212329 0.160613 0.817553
0.428331 0.166869 0.203361 0.798561
0.452141 0.106588 0.128434 0.687163
0.452050 0.117211 0.230437 0.799698
0.427449 0.165060 0.243913 0.836422
0.454445 0.238168 0.131896 0.824509
0.442006 0.116690 0.134533 0.693229
0.433970 0.137054 0.182402 0.753426
0.434981 0.197006 0.255333 0.887320
0.459679 0.118509 0.164688 0.742877
0.439506 0.195133 0.159896 0.794536
0.448183 0.229748 0.148950 0.826882
0.444957 0.166152 0.310034 0.921143
0.448070 0.206209 0.157172 0.811451
0.452741 0.149708 0.144869 0.747318
0.451044 0.117765 0.297052 0.865861
0.450388 0.139972 0.144451 0.734810
0.443812 0.109971 0.317262 0.871045
0.448178 0.171287 0.309251 0.928716
0.437057 0.186575 0.162290 0.785921
0.440959 0.134322 0.159227 0.734509
0.431129 0.235109 0.234132 0.900370
0.434242 0.123620 0.138779 0.696642
0.440177 0.283813 0.147126 0.871116
0.456240 0.174626 0.251660 0.882526
0.439907 0.171827 0.269363 0.881097
0.428583 0.203021 0.242523 0.874127
0.436998 0.137102 0.267547 0.841647
0.438150 0.207338 0.271319 0.916807
0.431790 0.107849 0.122352 0.661991
0.439440 0.167032 0.122489 0.728962
0.442248 0.185012 0.161116 0.788376
0.423105 0.265313 0.211257 0.899676
0.456744 0.151978 0.338516 0.947238
0.449126 0.205541 0.194226 0.848893
0.438957 0.218192 0.144643 0.801791
0.437093 0.224076 0.158602 0.819771
0.431095 0.208177 0.153704 0.792976
0.444953 0.140210 0.126205 0.711368
0.457858 0.268157 0.224977 0.950993
0.448870 0.164034 0.207318 0.820223
0.438394 0.174880 0.170905 0.784179
0.440531 0.232678 0.142670 0.815879
0.443077 0.142250 0.301925 0.887253
0.428770 0.142936 0.106540 0.678246
0.438426 0.143964 0.277600 0.859990
0.454411 0.207083 0.158941 0.820435
0.423212 0.214290 0.246991 0.884493
0.468164 0.209507 0.130384 0.808055
0.471178 0.204232 0.284871 0.960281
0.437292 0.170594 0.175726 0.783613
0.455429 0.186192 0.160192 0.801813
0.454408 0.247743 0.204138 0.906289
0.443352 0.141459 0.196563 0.781374
0.430379 0.261988 0.147620 0.839988
0.427232 0.192762 0.291812 0.911806
0.450437 0.228026 0.246476 0.924939
0.451159 0.149231 0.298818 0.899209
0.438725 0.182677 0.223073 0.844475
0.434557 0.095395 0.214999 0.744951
0.445697 0.123478 0.251508 0.820683
0.430539 0.242576 0.236484 0.909599
0.426399 0.203637 0.198947 0.828982
0.424914 0.124515 0.299241 0.848670
0.419525 0.187705 0.161145 0.768375
0.446269 0.189998 0.259949 0.896217
0.438985 0.234902 0.328741 1.002627
0.466141 0.168273 0.291940 0.926354
0.433343 0.186835 0.207165 0.827343
0.430980 0.190682 0.119633 0.741294
0.447018 0.150774 0.150464 0.748256
0.432962 0.161356 0.172074 0.766393
0.444456 0.170022 0.279810 0.894288
0.428549 0.289543 0.229568 0.947660
0.450386 0.266051 0.159917 0.876354
0.448491 0.081076 0.114685 0.644252
0.457123 0.212778 0.216722 0.886623
0.455969 0.168767 0.241486 0.866221
0.437759 0.131799 0.165736 0.735294
0.448817 0.095363 0.292610 0.836790
0.444807 0.180615 0.145913 0.771335
0.441057 0.128931 0.153170 0.723158
0.462736 0.098414 0.183424 0.744574
0.431733 0.119642 0.126391 0.677766
0.466214 0.107011 0.258013 0.831238
0.420436 0.195082 0.174161 0.789679
0.428153 0.122099 0.153491 0.703743
0.429870 0.166949 0.312707 0.909526
0.441907 0.099938 0.328275 0.870120
0.435971 0.109716 0.099366 0.645053
0.437978 0.163662 0.281525 0.883165
0.438581 0.064254 0.324210 0.827046
0.449126 0.162894 0.232527 0.844547
0.429048 0.163766 0.187589 0.780403
0.428704 0.275110 0.166822 0.870636
0.446805 0.084066 0.187826 0.718697
0.462683 0.159794 0.315510 0.937987
0.462278 0.224341 0.257866 0.944485
0.463051 0.118163 0.247097 0.828311
0.441698 0.183177 0.201559 0.826433
0.446301 0.196219 0.199200 0.841721
0.436891 0.131280 0.348736 0.916907
0.458544 0.134812 0.189136 0.782491
0.462494 0.136684 0.270153 0.869331
0.454529 0.132580 0.176646 0.763756
0.446750 0.217462 0.244212 0.908424
0.451096 0.236558 0.108568 0.796222
0.452624 0.196672 0.203586 0.852882
0.460807 0.191909 0.229961 0.882677
0.444989 0.164934 0.124550 0.734473
0.445309 0.197537 0.137143 0.779989
0.450997 0.239711 0.096617 0.787325
0.465103 0.107515 0.212072 0.784690
0.455307 0.223074 0.143627 0.822008
0.449108 0.167130 0.147975 0.764214
0.462393 0.144319 0.177296 0.784008
0.454074 0.075552 0.126323 0.655950
0.453735 0.191360 0.205953 0.851047
0.423063 0.209905 0.223180 0.856147
0.441400 0.229121 0.277897 0.948418
0.438420 0.237590 0.335819 1.011829
0.438033 0.108939 0.302087 0.849059
0.448200 0.174492 0.113069 0.735760
0.428402 0.255801 0.168351 0.852554
0.435040 0.233137 0.160135 0.828311
0.448045 0.161113 0.155017 0.764175
0.431585 0.188440 0.309847 0.929872
0.468021 0.202813 0.204936 0.875769
0.455972 0.198364 0.217517 0.871853
0.431030 0.158619 0.138151 0.727801
0.436710 0.209946 0.286244 0.932900
0.463198 0.238181 0.099399 0.800778
0.448019 0.235754 0.266215 0.949988
0.439568 0.100063 0.214056 0.753687
0.438813 0.225372 0.269411 0.933596
0.440720 0.110353 0.232584 0.783657
0.431986 0.122845 0.210346 0.765177
0.465851 0.103202 0.216607 0.785660
0.445789 0.071014 0.201371 0.718174
0.431205 0.243627 0.185155 0.859987
0.439835 0.193031 0.298391 0.931257
0.428640 0.157026 0.320569 0.906235
0.444240 0.191100 0.119249 0.754589
0.438165 0.107970 0.184927 0.731063
0.433255 0.214108 0.119389 0.766752
0.442256 0.232960 0.129616 0.804832
0.459458 0.113693 0.143429 0.716579
0.443736 0.132526 0.326536 0.902798
0.446027 0.176322 0.139737 0.762086
0.438252 0.120851 0.217235 0.776338
0.430799 0.175439 0.165871 0.772109
0.435051 0.138466 0.237814 0.811331
0.442089 0.127593 0.230173 0.799855
0.431524 0.180836 0.231625 0.843984
0.439332 0.204319 0.291386 0.935037
0.449738 0.122941 0.181901 0.754580
0.424063 0.215315 0.265788 0.905166
0.461889 0.235488 0.245923 0.943300
0.429774 0.182171 0.334981 0.946925
0.442602 0.161244 0.182458 0.786304
0.453202 0.143897 0.202591 0.799690
0.428480 0.115530 0.164747 0.708757
0.454572 0.173998 0.170531 0.799101
0.445018 0.199862 0.147208 0.792087
0.451883 0.199301 0.192265 0.843449
0.446981 0.204939 0.120174 0.772094
0.435663 0.260118 0.250280 0.946060
0.451672 0.239871 0.094220 0.785763
0.457133 0.187470 0.176041 0.820644
0.439616 0.115875 0.169577 0.725069
0.461131 0.109697 0.242895 0.813723
0.450720 0.159718 0.230352 0.840790
0.459635 0.287550 0.203009 0.950194
0.430745 0.128449 0.105267 0.664460
0.449392 0.170694 0.286351 0.906436
0.449032 0.193082 0.185807 0.827920
0.434711 0.183804 0.405222 1.023737
0.449370 0.138171 0.374742 0.962283
0.442513 0.116107 0.136288 0.694908
0.448430 0.144114 0.222610 0.815154
0.430084 0.136077 0.163647 0.729809
0.439371 0.135779 0.261401 0.836550
0.438371 0.203967 0.212634 0.854973
0.442534 0.180786 0.230622 0.853942
0.450696 0.287551 0.251437 0.989685
0.439024 0.183258 0.256129 0.878411
0.448981 0.204807 0.210069 0.863857
0.448083 0.199647 0.288812 0.936543
0.458670 0.198669 0.280080 0.937419
0.454109 0.177746 0.194525 0.826379
0.445027 0.142141 0.211148 0.798316
0.451395 0.186612 0.154997 0.793004
0.448253 0.194935 0.220459 0.863646
0.438669 0.217285 0.234832 0.890786
0.447428 0.170460 0.231156 0.849044
0.451255 0.152134 0.142518 0.745907
0.448838 0.172685 0.275572 0.897096
0.438566 0.150814 0.214594 0.803974
0.448147 0.147744 0.216271 0.812162
0.424396 0.159323 0.283349 0.867067
0.430634 0.148121 0.152345 0.731100
0.452757 0.224011 0.124016 0.800784
0.442324 0.257375 0.312505 1.012203
0.442924 0.155740 0.177209 0.775873
0.443133 0.221474 0.331160 0.995768
0.446152 0.133762 0.271611 0.851524
0.441624 0.192133 0.163945 0.797702
0.438126 0.220307 0.123656 0.782089
0.426066 0.185992 0.246454 0.858511
0.439912 0.279869 0.307143 1.026924
0.448173 0.180931 0.258756 0.887860
0.443974 0.167056 0.219810 0.830841
0.440413 0.177201 0.109974 0.727589
0.432148 0.151554 0.160386 0.744088
0.452127 0.222649 0.239159 0.913935
0.433767 0.149016 0.241917 0.824699
0.448109 0.148195 0.222528 0.818832
0.433496 0.087352 0.139205 0.660052
0.441092 0.196954 0.277920 0.915966
0.456027 0.182792 0.232962 0.871781
0.428347 0.151966 0.189680 0.769992
0.447930 0.148000 0.127122 0.723051
0.440788 0.166650 0.134135 0.741573
0.436765 0.071543 0.283342 0.791650
0.442705 0.140784 0.208410 0.791899
0.447926 0.213063 0.188933 0.849922
0.435137 0.189200 0.164378 0.788715
0.450659 0.203040 0.262811 0.916510
0.441452 0.116206 0.212262 0.769920
0.456926 0.172215 0.237902 0.867044
0.444424 0.290365 0.188367 0.923155
0.431009 0.103657 0.192570 0.727236
0.443446 0.140005 0.139071 0.722522
0.437482 0.140647 0.226213 0.804342
0.426889 0.235981 0.201002 0.863872
0.441366 0.116573 0.169973 0.727912
0.433157 0.276506 0.141825 0.851488
0.431496 0.172876 0.234318 0.838690
0.428621 0.131979 0.213249 0.773849
0.427104 0.185095 0.217184 0.829383
0.443529 0.220983 0.236352 0.900864
0.450321 0.138784 0.186153 0.775257
0.455311 0.250816 0.229701 0.935828
0.454886 0.127886 0.250391 0.833163
0.441942 0.163385 0.056473 0.661799
0.434960 0.147806 0.182484 0.765250
0.434335 0.127895 0.158195 0.720425
0.450973 0.219514 0.184699 0.855185
0.447595 0.121714 0.308478 0.877787
0.434738 0.147123 0.299785 0.881646
0.447516 0.136691 0.210127 0.794333
0.438297 0.185404 0.148323 0.772023
0.443704 0.207064 0.209544 0.860312
0.439874 0.226696 0.171245 0.837814
0.444828 0.112343 0.250401 0.807572
0.452124 0.183021 0.241597 0.876742
0.440536 0.158009 0.152849 0.751393
0.434626 0.168295 0.176321 0.779242
0.425280 0.221974 0.198192 0.845446
0.446886 0.294620 0.130097 0.871603
0.456986 0.195074 0.227284 0.879344
0.451172 0.240286 0.118821 0.810280
0.429157 0.135402 0.149233 0.713792
0.449327 0.118450 0.210921 0.778698
0.448217 0.176938 0.191846 0.817001
0.442405 0.297189 0.152955 0.892549
0.429192 0.162320 0.269555 0.861067
0.432507 0.177113 0.265015 0.874634
0.450049 0.226401 0.193455 0.869905
0.446684 0.221599 0.175552 0.843835
0.451753 0.127679 0.169226 0.748658
0.450619 0.180703 0.170494 0.801816
0.460824 0.160152 0.214784 0.835760
0.449971 0.164862 0.276567 0.891400
0.442322 0.213316 0.149464 0.805103
0.427412 0.256992 0.204095 0.888499
0.443211 0.132660 0.113535 0.689406
0.437308 0.307032 0.131838 0.876179
0.450319 0.109880 0.122754 0.682953
0.431671 0.244550 0.205165 0.881386
0.434924 0.215835 0.131834 0.782593
0.458186 0.180889 0.186060 0.825135
0.453033 0.234750 0.225635 0.913417
0.440091 0.140339 0.268507 0.848937
0.441971 0.233684 0.183092 0.858746
0.437539 0.291472 0.307005 1.036015
0.453817 0.192563 0.239332 0.885713
0.439198 0.093241 0.204337 0.736776
0.428313 0.223911 0.236405 0.888629
0.444779 0.164508 0.185775 0.795062
0.430559 0.198677 0.217283 0.846520
0.453053 0.228239 0.144833 0.826125
0.449762 0.250571 0.159531 0.859863
0.433541 0.112757 0.126528 0.672826
0.427685 0.173269 0.185552 0.786507
0.425430 0.319604 0.190900 0.935933
0.435003 0.268755 0.221788 0.925547
0.444839 0.197711 0.199766 0.842316
0.432363 0.185418 0.289800 0.907581
0.441874 0.094463 0.168517 0.704853
0.432527 0.163214 0.224835 0.820576
0.456884 0.069750 0.174225 0.700858
0.443647 0.167637 0.159245 0.770529
0.434493 0.213899 0.262850 0.911242
0.452936 0.189435 0.167995 0.810365
0.427862 0.182091 0.172309 0.782263
0.460828 0.126801 0.151964 0.739593
0.442349 0.273887 0.324232 1.040468
0.425916 0.246698 0.114238 0.786852
0.429254 0.317004 0.142991 0.889249
0.441454 0.252315 0.086096 0.779866
0.447738 0.164719 0.192162 0.804619
0.448048 0.168162 0.165536 0.781746
0.449395 0.197101 0.274688 0.921184
0.423919 0.191984 0.285984 0.901887
0.442151 0.189392 0.189875 0.821418
0.462693 0.118583 0.219195 0.800472
0.429722 0.325152 0.207528 0.962402
0.452889 0.162265 0.203488 0.818641
0.439749 0.170543 0.292560 0.902851
0.443269 0.200669 0.270259 0.914198
0.447679 0.192760 0.166701 0.807140
0.455740 0.236628 0.152966 0.845333
0.447906 0.227582 0.241664 0.917152
0.437269 0.157789 0.175265 0.770323
0.428035 0.124311 0.170185 0.722531
0.443439 0.118844 0.259984 0.822268
0.446958 0.192139 0.228040 0.867137
0.443136 0.124772 0.263085 0.830993
0.453203 0.123522 0.259024 0.835748
0.428905 0.220957 0.283414 0.933276
0.441216 0.288355 0.265048 0.994619
0.431350 0.209618 0.294080 0.935047
0.459726 0.208305 0.239411 0.907442
0.436969 0.194742 0.236158 0.867869
0.447608 0.247597 0.187984 0.883189
0.446712 0.157207 0.209403 0.813323
0.441077 0.197428 0.168474 0.806979
0.459319 0.165375 0.321223 0.945917
0.448739 0.317688 0.205521 0.971948
0.434481 0.215965 0.147795 0.798241
0.428217 0.118203 0.176523 0.722943
0.439536 0.179118 0.345857 0.964510
0.441945 0.213887 0.170009 0.825842
0.460398 0.227374 0.329342 1.017115
0.450305 0.185109 0.249046 0.884460
0.429732 0.147507 0.234191 0.811429
0.442641 0.149499 0.208463 0.800603
0.453668 0.197640 0.270290 0.921599
0.445740 0.088519 0.254041 0.788300
0.451145 0.220373 0.269844 0.941361
0.431126 0.163172 0.248333 0.842630
0.448032 0.118258 0.225390 0.791679
0.441411 0.128193 0.298145 0.867750
0.455408 0.130670 0.173702 0.759780
0.449536 0.136657 0.171977 0.758169
0.458265 0.291705 0.121524 0.871494
0.444723 0.238362 0.232354 0.915439
0.440880 0.132877 0.270787 0.844544
0.449081 0.135623 0.233757 0.818461
0.427402 0.199393 0.136351 0.763146
0.427709 0.207660 0.261158 0.896527
0.451721 0.203168 0.197274 0.852164
0.433037 0.237552 0.206879 0.877468
0.433939 0.165204 0.261533 0.860676
0.444815 0.148272 0.221773 0.814859
0.423772 0.181275 0.225315 0.830362
0.454182 0.202900 0.211637 0.868718
0.446339 0.191861 0.133966 0.772166
0.423112 0.192982 0.285060 0.901153
0.435409 0.200606 0.272564 0.908579
0.433650 0.138067 0.287988 0.859705
0.427692 0.211132 0.272786 0.911611
0.436386 0.236058 0.168638 0.841082
0.433386 0.190658 0.171987 0.796032
0.439578 0.170083 0.264993 0.874653
0.424920 0.205085 0.287576 0.917581
0.456315 0.216382 0.198390 0.871088
0.434469 0.217646 0.220676 0.872791
0.455829 0.196259 0.162330 0.814418
0.439894 0.235083 0.269258 0.944236
0.426321 0.242587 0.194272 0.863181
0.446908 0.245761 0.280651 0.973320
0.423959 0.117622 0.374309 0.915889
0.426594 0.199759 0.173695 0.800048
0.438257 0.177530 0.262956 0.878743
0.439185 0.220484 0.287547 0.947215
0.445758 0.110724 0.130407 0.686889
0.423954 0.150319 0.176645 0.750918
0.438572 0.098593 0.220039 0.757204
0.445679 0.203038 0.281515 0.930232
0.441217 0.146551 0.259341 0.847109
0.435357 0.260781 0.189860 0.885998
0.443433 0.195133 0.232657 0.871223
0.444607 0.212539 0.110703 0.767848
0.451894 0.148717 0.215604 0.816215
0.443352 0.190996 0.211359 0.845706
0.442155 0.189175 0.210977 0.842307
0.440167 0.157741 0.168023 0.765932
0.455501 0.160903 0.245038 0.861442
0.442546 0.098869 0.164281 0.705696
0.450019 0.220959 0.220773 0.891751
0.448237 0.202973 0.122979 0.774190
0.426500 0.249513 0.275446 0.951459
0.460006 0.113404 0.219503 0.792913
0.430005 0.068823 0.286117 0.784946
0.446516 0.271564 0.231198 0.949278
0.432073 0.191754 0.163177 0.787004
0.445473 0.093584 0.195242 0.734299
0.454821 0.234284 0.300906 0.990012
0.424576 0.117177 0.212798 0.754551
0.437921 0.143654 0.331627 0.913203
0.459040 0.229023 0.164783 0.852845
0.428941 0.302709 0.259041 0.990691
0.433206 0.196559 0.147505 0.777271
0.438260 0.181765 0.217524 0.837548
0.432270 0.157529 0.304621 0.894420
0.451833 0.081096 0.124747 0.657676
0.435226 0.212495 0.058935 0.706657
0.439741 0.178420 0.203749 0.821911
0.448540 0.212739 0.227157 0.888437
0.432044 0.186861 0.302860 0.921765
0.440268 0.105688 0.328916 0.874871
0.455598 0.118940 0.144633 0.719171
0.448614 0.306066 0.285245 1.039925
0.454928 0.293353 0.231669 0.979951
0.449404 0.214510 0.312874 0.976788
0.437284 0.183720 0.228677 0.849681
0.439769 0.206934 0.127156 0.773859
0.462756 0.149227 0.328763 0.940745
0.434567 0.161988 0.254674 0.851229
0.431989 0.130148 0.160535 0.722673
0.425730 0.116631 0.261339 0.803700
0.445369 0.209745 0.230420 0.885534
0.434126 0.135358 0.280627 0.850110
0.441179 0.113328 0.203880 0.758388
0.430889 0.240095 0.263493 0.934477
0.452624 0.184136 0.105785 0.742545
0.446474 0.282318 0.248450 0.977242
0.440362 0.230050 0.273922 0.944334
0.429588 0.203478 0.281791 0.914857
0.440205 0.175594 0.215829 0.831628
0.436770 0.205693 0.116678 0.759141
0.434890 0.094288 0.305449 0.834627
0.449573 0.112367 0.316108 0.878048
0.434727 0.241677 0.277342 0.953746
0.454472 0.194401 0.203712 0.852585
0.439072 0.096388 0.221119 0.756580
0.466626 0.072405 0.114433 0.653463
0.434866 0.117273 0.204407 0.756546
0.429198 0.286678 0.148620 0.864495
0.442448 0.272608 0.201835 0.916890
0.433898 0.121671 0.120811 0.676381
0.450741 0.123724 0.239226 0.813691
0.454381 0.146208 0.165968 0.766558
0.440880 0.167544 0.119241 0.727665
0.458392 0.188218 0.283038 0.929648
0.457509 0.116685 0.213287 0.787481
0.435975 0.127134 0.260559 0.823668
0.456469 0.085251 0.140958 0.682678
0.439720 0.104831 0.217898 0.762449
0.426045 0.137368 0.203355 0.766768
0.444069 0.075110 0.243576 0.762755
0.424164 0.158522 0.285931 0.868616
0.451947 0.119810 0.225747 0.797504
0.426698 0.204469 0.249262 0.880429
0.463032 0.132830 0.174407 0.770269
0.458870 0.150088 0.203517 0.812475
0.443476 0.144592 0.308623 0.896691
0.435279 0.292202 0.134255 0.861735
0.435954 0.208344 0.270806 0.915104
0.435802 0.285299 0.184073 0.905174
0.438326 0.170650 0.258790 0.867766
0.459836 0.101172 0.169395 0.730403
0.439304 0.177867 0.274716 0.891886
0.422654 0.123014 0.203142 0.748810
0.440011 0.086357 0.129811 0.656180
0.467955 0.162431 0.205383 0.835770
0.436929 0.171230 0.196790 0.804949
0.440594 0.140604 0.239299 0.820497
0.432740 0.257506 0.203536 0.893782
0.446254 0.213003 0.212617 0.871874
0.447707 0.161272 0.204084 0.813062
0.427872 0.083507 0.226317 0.737695
0.439325 0.287748 0.170593 0.897666
0.450214 0.174456 0.170036 0.794705
0.428625 0.259860 0.285127 0.973612
0.439240 0.124254 0.304169 0.867662
0.451719 0.224699 0.303240 0.979658
0.456959 0.173557 0.173607 0.804123
0.439056 0.192060 0.209423 0.840539
0.450794 0.307068 0.189263 0.947125
0.430896 0.218167 0.161042 0.810104
0.434312 0.204395 0.256617 0.895325
0.446954 0.200009 0.227035 0.873998
0.442308 0.201001 0.186404 0.829714
0.438545 0.197456 0.136123 0.772124
0.452050 0.188635 0.329123 0.969808
0.453793 0.191298 0.270176 0.915267
0.449445 0.150038 0.224503 0.823985
0.436113 0.194040 0.214598 0.844751
0.459520 0.129637 0.183889 0.773045
0.451736 0.125608 0.232043 0.809387
0.447906 0.266000 0.270255 0.984161
0.439089 0.120549 0.275526 0.835164
0.455452 0.142160 0.257348 0.854960
0.439618 0.162379 0.135996 0.737993
0.447110 0.236285 0.172046 0.855441
0.443029 0.161383 0.168518 0.772930
0.445955 0.210752 0.122530 0.779236
0.434496 0.218288 0.296558 0.949342
0.435700 0.234271 0.250224 0.920195
0.425800 0.167513 0.116702 0.710015
0.432434 0.195196 0.162044 0.789674
0.433380 0.150786 0.262062 0.846229
0.427584 0.192719 0.124953 0.745256
0.462167 0.153369 0.205380 0.820916
0.426420 0.223891 0.200976 0.851287
0.426406 0.307155 0.113084 0.846645
0.453335 0.186396 0.189478 0.829209
0.435398 0.186200 0.219776 0.841375
0.432422 0.264446 0.393811 1.090679
0.439156 0.100599 0.258646 0.798401
0.452137 0.183839 0.087568 0.723545
0.437318 0.201215 0.206617 0.845150
0.450807 0.111895 0.241779 0.804482
0.444727 0.135009 0.192484 0.772220
0.443442 0.153521 0.140224 0.737187
0.445121 0.200602 0.136776 0.782499
0.438752 0.174027 0.096760 0.709539
0.448181 0.096775 0.233479 0.778436
0.440617 0.227706 0.204957 0.873280
0.450883 0.134280 0.170626 0.755788
0.439632 0.109368 0.332258 0.881258
0.426801 0.122704 0.180642 0.730147
0.461760 0.146604 0.207692 0.816056
0.448509 0.102899 0.208697 0.760105
0.443070 0.225139 0.201363 0.869571
0.436299 0.132392 0.247587 0.816278
0.431734 0.245300 0.171216 0.848250
0.463797 0.126349 0.172121 0.762266
0.441273 0.242756 0.217878 0.901907
0.448780 0.135788 0.150282 0.734849
0.461865 0.141760 0.331149 0.934774
0.441531 0.119479 0.191488 0.752499
0.442582 0.114456 0.184794 0.741832
0.425847 0.149745 0.249983 0.825575
0.448287 0.261149 0.165766 0.875202
0.439621 0.225093 0.195066 0.859781
0.444699 0.123368 0.172481 0.740548
0.467773 0.114657 0.260341 0.842771
0.431506 0.143122 0.275025 0.849654
0.436713 0.209999 0.162228 0.808940
0.454701 0.287525 0.267088 1.009313
0.425694 0.120440 0.292046 0.838180
0.450975 0.177039 0.254307 0.882321
0.441588 0.277120 0.299139 1.017847
0.438666 0.114447 0.182783 0.735896
0.427817 0.158611 0.315225 0.901653
0.425340 0.211069 0.130009 0.766418
0.461327 0.193825 0.300477 0.955628
0.447608 0.257521 0.222126 0.927255
0.459144 0.206186 0.279731 0.945061
0.440537 0.218838 0.216283 0.875659
0.435880 0.118764 0.242697 0.797341
0.445398 0.186416 0.173468 0.805282
0.421661 0.166711 0.246730 0.835103
0.459259 0.229045 0.369451 1.057756
0.432086 0.161653 0.243071 0.836809
0.439587 0.196236 0.323309 0.959132
0.444406 0.266261 0.263442 0.974109
0.446235 0.254656 0.220695 0.921586
0.444235 0.153741 0.247369 0.845345
0.427866 0.197678 0.253946 0.879489
0.444505 0.159783 0.290109 0.894396
0.435198 0.196530 0.134281 0.766009
0.438309 0.137495 0.286864 0.862667
0.454265 0.178494 0.222831 0.855591
0.449139 0.217633 0.138156 0.804928
0.448156 0.195008 0.149677 0.792841
0.453949 0.246562 0.213652 0.914163
0.436629 0.235240 0.158160 0.830029
0.439616 0.188848 0.184936 0.813401
0.443267 0.142773 0.147110 0.733150
0.449080 0.162300 0.161300 0.772680
0.448742 0.283211 0.175985 0.907939
0.428048 0.246346 0.199519 0.873913
0.438601 0.143496 0.221711 0.803808
0.443490 0.106845 0.285537 0.835872
0.441333 0.214448 0.260821 0.916602
0.437412 0.237346 0.167537 0.842295
0.436071 0.256082 0.179508 0.871660
0.428752 0.118122 0.237793 0.784667
0.434085 0.099849 0.136287 0.670221
0.451246 0.217495 0.259743 0.928484
0.445940 0.223233 0.198363 0.867536
0.450995 0.095705 0.157666 0.704366
0.451897 0.106690 0.221730 0.780317
0.445893 0.139012 0.276879 0.861785
0.451772 0.222264 0.080964 0.755000
0.428644 0.119304 0.327230 0.875178
0.448612 0.190696 0.232106 0.871414
0.462711 0.133770 0.257683 0.854164
0.442833 0.258893 0.238429 0.940155
0.442249 0.193066 0.183560 0.818874
0.442490 0.251925 0.171632 0.866047
0.435449 0.182540 0.227158 0.845147
0.441262 0.092096 0.192217 0.725575
0.464696 0.096304 0.201057 0.762057
0.438393 0.258148 0.242182 0.938723
0.438746 0.190772 0.197404 0.826922
0.455463 0.118560 0.155012 0.729035
0.466527 0.164543 0.194638 0.825708
0.440924 0.208030 0.178710 0.827663
0.443878 0.253925 0.207761 0.905564
0.450363 0.244752 0.309924 1.005040
0.450846 0.185035 0.237226 0.873106
0.433208 0.142026 0.206907 0.782141
0.445669 0.245941 0.138062 0.829671
0.447765 0.139931 0.217448 0.805145
0.437438 0.260871 0.224118 0.922427
0.446444 0.128388 0.228898 0.803731
0.446888 0.201104 0.296246 0.944238
0.428473 0.256262 0.172162 0.856896
0.454407 0.183649 0.123205 0.761261
0.429987 0.107734 0.150182 0.687903
0.462052 0.177655 0.110006 0.749713
0.425162 0.103456 0.188822 0.717439
0.466971 0.222079 0.200418 0.889468
0.445142 0.152544 0.348184 0.945870
0.455747 0.176117 0.065499 0.697363
0.435909 0.150694 0.163715 0.750317
0.442758 0.159926 0.212327 0.815011
0.437908 0.117968 0.227741 0.783617
0.432302 0.195390 0.073329 0.701021
0.445936 0.234903 0.258497 0.939336
0.450009 0.269432 0.298520 1.017961
0.447141 0.104281 0.213141 0.764563
0.437628 0.184482 0.192872 0.814982
0.436970 0.247175 0.282549 0.966694
0.429534 0.204928 0.196372 0.830834
0.437544 0.163808 0.147613 0.748966
0.463944 0.249881 0.279918 0.993743
0.449988 0.235055 0.076685 0.761728
0.441851 0.083674 0.338399 0.863925
0.436436 0.227071 0.285434 0.948941
0.448959 0.139366 0.243731 0.832055
0.436742 0.125907 0.225175 0.787825
0.422746 0.120506 0.213768 0.757020
0.435724 0.223114 0.115228 0.774066
0.456365 0.153328 0.174484 0.784177
0.458547 0.172560 0.194762 0.825869
0.424135 0.148601 0.103881 0.676616
0.451816 0.151877 0.149023 0.752716
0.448579 0.138819 0.124040 0.711439
0.441859 0.126315 0.158991 0.727165
0.432396 0.234507 0.242951 0.909854
0.440657 0.202524 0.149039 0.792221
0.439305 0.075566 0.228229 0.743099
0.429155 0.206539 0.243382 0.879076
0.448064 0.172183 0.236062 0.856309
0.450460 0.209927 0.283133 0.943520
0.434194 0.222621 0.275088 0.931904
0.440807 0.101209 0.186428 0.728444
0.421370 0.171415 0.176109 0.768894
0.443893 0.124619 0.371738 0.940250
0.430658 0.144391 0.220752 0.795800
0.433376 0.107863 0.252258 0.793497
0.460731 0.152167 0.162914 0.775813
0.451124 0.139779 0.253929 0.844832
0.450337 0.254839 0.225986 0.931162
0.446887 0.080901 0.174202 0.701991
0.444301 0.146199 0.239746 0.830246
0.431187 0.219643 0.313230 0.964061
0.422603 0.189216 0.190656 0.802476
0.448173 0.199304 0.202556 0.850033
0.453374 0.259358 0.328578 1.041310
0.451871 0.084369 0.312696 0.848936
0.446866 0.185678 0.237718 0.870263
0.430561 0.110820 0.154007 0.695388
0.455215 0.083298 0.230721 0.769234
0.446604 0.274863 0.208471 0.929937
0.452796 0.196060 0.146649 0.795505
0.439575 0.181559 0.159256 0.780390
0.459436 0.127821 0.333486 0.920742
0.441644 0.143021 0.300023 0.884688
0.452610 0.205163 0.218142 0.875915
0.441497 0.353197 0.160060 0.954755
0.435158 0.174349 0.135436 0.744943
0.442400 0.149522 0.178208 0.770131
0.446364 0.197943 0.209379 0.853685
0.440501 0.250821 0.233252 0.924574
0.447804 0.169672 0.191941 0.809417
0.427528 0.167388 0.172197 0.767112
0.455069 0.087128 0.125871 0.668068
0.435079 0.171953 0.345999 0.953032
0.459766 0.151258 0.272553 0.883578
0.449969 0.206826 0.282617 0.939413
0.445663 0.104617 0.188104 0.738384
0.439523 0.113458 0.345696 0.898676
0.440699 0.151216 0.256532 0.848448
0.450809 0.138164 0.332752 0.921725
0.434491 0.122190 0.115626 0.672307
0.434812 0.165088 0.183581 0.783481
0.446882 0.250429 0.104513 0.801825
0.440680 0.206584 0.167490 0.814754
0.420488 0.268041 0.228576 0.917104
0.435620 0.174849 0.245883 0.856352
0.435979 0.310845 0.165559 0.912383
0.460334 0.134956 0.203927 0.799217
0.453619 0.175160 0.162314 0.791093
0.439146 0.163340 0.168843 0.771329
0.426407 0.241625 0.285794 0.953827
0.440885 0.108487 0.182354 0.731726
0.445258 0.199032 0.249599 0.893888
0.443069 0.158445 0.162513 0.764026
0.439230 0.305953 0.182914 0.928097
0.441715 0.266518 0.211643 0.919875
0.452862 0.174812 0.201016 0.828690
0.445615 0.180553 0.159353 0.785522
0.437271 0.121533 0.238005 0.796809
0.461279 0.189441 0.217673 0.868392
0.445184 0.113410 0.210142 0.768735
0.453157 0.195441 0.200644 0.849243
0.442370 0.083462 0.273130 0.798962
0.427819 0.116941 0.225387 0.770146
0.455441 0.176969 0.139887 0.772297
0.449765 0.148557 0.280002 0.878324
0.451878 0.278369 0.109108 0.839354
0.436392 0.232248 0.220995 0.889635
0.443503 0.109140 0.189236 0.741879
0.438248 0.162736 0.269051 0.870035
0.448489 0.097617 0.162759 0.708864
0.449213 0.262683 0.282272 0.994168
0.437576 0.071966 0.208259 0.717801
0.442451 0.084821 0.174847 0.702119
0.447133 0.178826 0.247736 0.873696
0.453692 0.152879 0.217253 0.823824
0.446867 0.160625 0.110200 0.717692
0.462549 0.153858 0.180952 0.797358
0.461662 0.122332 0.302040 0.886033
0.436985 0.145903 0.219283 0.802171
0.445301 0.171521 0.259327 0.876149
0.429090 0.162535 0.226612 0.818236
0.462006 0.276798 0.242572 0.981376
0.450044 0.189236 0.244319 0.883599
0.427342 0.148204 0.080145 0.655691
0.433696 0.094261 0.192370 0.720328
0.448834 0.245028 0.321067 1.014929
0.443334 0.180931 0.249687 0.873952
0.443211 0.164352 0.168601 0.776165
0.440458 0.097883 0.379290 0.917631
0.426763 0.158329 0.232045 0.817138
0.425546 0.195036 0.278995 0.899577
0.442477 0.118109 0.169011 0.729598
0.453418 0.187976 0.165191 0.806585
0.453438 0.155266 0.177927 0.786631
0.447933 0.210374 0.173966 0.832273
0.437336 0.113900 0.176032 0.727268
0.420596 0.133296 0.289916 0.843808
0.457030 0.283506 0.135364 0.875900
0.430702 0.193055 0.280793 0.904550
0.453110 0.101172 0.269128 0.823410
0.432251 0.204482 0.288803 0.925536
0.448387 0.192496 0.243797 0.884681
0.425906 0.129090 0.186028 0.741024
0.451307 0.212608 0.133983 0.797899
0.437295 0.174921 0.292601 0.904816
0.456182 0.199999 0.193345 0.849527
0.438587 0.084780 0.104135 0.627501
0.425202 0.147248 0.242183 0.814633
0.432142 0.120389 0.256064 0.808595
0.444040 0.218818 0.291832 0.954690
0.453698 0.185253 0.232506 0.871457
0.444790 0.256417 0.152183 0.853389
0.443785 0.115728 0.217637 0.777150
0.455880 0.158430 0.177345 0.791656
0.448191 0.117092 0.249923 0.815206
0.432619 0.145593 0.213514 0.791726
0.447791 0.238066 0.066609 0.752467
0.427707 0.136995 0.214838 0.779540
0.432336 0.127504 0.182563 0.742403
0.448844 0.169250 0.213661 0.831756
0.432532 0.231800 0.167915 0.832247
0.440913 0.260941 0.186124 0.887978
0.442547 0.106451 0.183993 0.732991
0.457688 0.137585 0.226199 0.821472
0.439642 0.213879 0.291045 0.944566
0.443940 0.115077 0.297260 0.856277
0.435708 0.279816 0.186942 0.902466
0.444888 0.103693 0.199887 0.748468
0.459604 0.234746 0.129992 0.824342
0.429318 0.147878 0.189594 0.766790
0.444412 0.276545 0.211205 0.932162
0.438219 0.158059 0.166893 0.763171
0.437726 0.212695 0.292822 0.943243
0.433625 0.137952 0.275177 0.846753
0.442396 0.261338 0.188906 0.892641
0.438506 0.100146 0.161154 0.699805
0.437859 0.200394 0.179548 0.817801
0.433569 0.183764 0.126220 0.743553
0.426604 0.183691 0.308809 0.919105
0.431544 0.229030 0.244720 0.905294
0.456660 0.086597 0.204957 0.748214
0.449873 0.105077 0.225096 0.780046
0.432561 0.158021 0.189946 0.780528
0.443886 0.172456 0.204533 0.820875
0.444535 0.150811 0.201730 0.797077
0.437089 0.164366 0.153882 0.755337
0.442218 0.162851 0.099029 0.704098
0.445643 0.211189 0.225223 0.882055
0.436599 0.185106 0.209795 0.831500
0.446996 0.173214 0.281788 0.901998
0.448871 0.151769 0.198444 0.799083
0.425272 0.224469 0.266711 0.916452
0.454988 0.302422 0.212798 0.970207
0.454391 0.145371 0.149055 0.748817
0.456671 0.171738 0.136149 0.764558
0.437002 0.177980 0.242463 0.857444
0.463911 0.139009 0.228241 0.831161
0.446120 0.130672 0.108789 0.685581
0.441429 0.216311 0.208498 0.866238
0.456364 0.177466 0.167118 0.800948
0.450106 0.129491 0.238856 0.818453
0.445721 0.212075 0.221109 0.878904
0.426880 0.240259 0.137174 0.804313
0.440806 0.139546 0.144231 0.724584
0.440599 0.190867 0.252128 0.883595
0.434038 0.212430 0.142646 0.789114
0.455019 0.140914 0.230674 0.826607
0.448931 0.134831 0.275331 0.859092
0.458878 0.313643 0.148943 0.921463
0.458597 0.163672 0.158356 0.780625
0.447017 0.172108 0.219473 0.838598
0.428036 0.184435 0.172087 0.784558
0.453175 0.254997 0.144531 0.852703
0.469264 0.125793 0.253997 0.849053
0.435966 0.139217 0.176141 0.751325
0.431972 0.166919 0.129490 0.728382
0.430156 0.206662 0.155575 0.792393
0.459198 0.136882 0.129081 0.725162
0.437485 0.192719 0.170936 0.801139
0.434215 0.164374 0.196695 0.795284
0.427003 0.215811 0.263707 0.906521
0.458344 0.164480 0.313524 0.936348
0.455605 0.085098 0.231282 0.771985
0.438060 0.121738 0.245196 0.804995
0.442934 0.168108 0.173054 0.784096
0.438655 0.237603 0.181997 0.858255
0.442034 0.191357 0.233995 0.867387
0.434388 0.141625 0.187309 0.763322
0.468934 0.114355 0.126622 0.709910
0.442933 0.201180 0.115240 0.759353
0.444935 0.104816 0.268979 0.818730
0.437088 0.317375 0.094241 0.848704
0.446621 0.164154 0.268853 0.879628
0.452152 0.169450 0.140869 0.762472
0.452404 0.121754 0.276264 0.850422
0.438194 0.184641 0.271922 0.894757
0.451779 0.199811 0.276172 0.927762
0.427449 0.179471 0.295085 0.902006
0.451966 0.162365 0.258289 0.872620
0.439688 0.265769 0.166850 0.872307
0.446193 0.158186 0.218321 0.822700
0.432388 0.282042 0.223902 0.938332
0.448128 0.235564 0.240475 0.924167
0.435042 0.202729 0.197200 0.834970
0.455565 0.200497 0.199870 0.855933
0.462929 0.159453 0.120058 0.742441
0.419635 0.243454 0.221919 0.885008
0.443996 0.174302 0.248542 0.866840
0.439249 0.144572 0.199582 0.783403
0.451737 0.188464 0.225160 0.865362
0.435612 0.173649 0.169797 0.779058
0.442671 0.182894 0.202339 0.827905
0.436455 0.218547 0.257384 0.912386
0.429036 0.206629 0.239242 0.874907
0.435310 0.177838 0.291308 0.904456
0.438477 0.256190 0.238012 0.932680
0.454644 0.136932 0.206363 0.797939
0.432537 0.118629 0.197252 0.748417
0.456540 0.118748 0.149641 0.724930
0.449590 0.142021 0.160826 0.752437
0.444609 0.178156 0.215216 0.837981
0.426285 0.143648 0.168512 0.738445
0.461970 0.142051 0.151567 0.755588
0.448653 0.140906 0.309241 0.898800
0.461090 0.159879 0.286209 0.907178
0.450644 0.176726 0.146751 0.774121
0.444055 0.197848 0.211436 0.853339
0.437244 0.204271 0.295149 0.936664
0.452050 0.258836 0.211140 0.922026
0.448159 0.149105 0.282648 0.879912
0.436108 0.122548 0.334689 0.893345
0.429580 0.169293 0.225632 0.824505
0.447862 0.262319 0.115602 0.825783
0.442632 0.321968 0.274348 1.038948
0.463840 0.219876 0.254634 0.938349
0.434448 0.105114 0.214598 0.754160
0.428084 0.175854 0.142636 0.746573
0.445773 0.184130 0.150561 0.780464
0.443600 0.121968 0.127921 0.693488
0.441959 0.185093 0.275060 0.902113
0.442777 0.127498 0.165604 0.735879
0.432674 0.152815 0.258242 0.843731
0.433811 0.148318 0.252906 0.835035
0.445949 0.223620 0.193942 0.863511
0.443012 0.206161 0.167897 0.817069
0.451890 0.135245 0.203107 0.790242
0.433864 0.275398 0.244077 0.953339
0.462898 0.155759 0.129612 0.748269
0.454020 0.129868 0.184597 0.768485
0.444788 0.249705 0.208074 0.902567
0.430067 0.228517 0.212435 0.871019
0.429788 0.227400 0.096348 0.753537
0.441484 0.212811 0.285862 0.940158
0.423134 0.213150 0.254073 0.890358
0.431007 0.158740 0.220957 0.810703
0.448771 0.107397 0.149304 0.705472
0.440053 0.087888 0.327898 0.855839
0.453944 0.179312 0.092532 0.725789
0.452917 0.245293 0.114794 0.813004
0.442333 0.152211 0.160781 0.755324
0.430808 0.144842 0.125677 0.701327
0.443026 0.223146 0.148548 0.814721
0.452184 0.146404 0.221856 0.820443
0.455749 0.104221 0.162482 0.722452
0.438486 0.119228 0.246653 0.804367
0.440218 0.154533 0.141634 0.736385
